ISS (ZARYA)             
1 25544U 98067A   16145.24395256  .00003336  00000-0  56493-4 0  9999
2 25544  51.6426 177.4738 0001786 114.4081 336.0110 15.54682439  1264
TIANGONG 1              
1 37820U 11053A   16145.11040039  .00015959  00000-0  17719-3 0  9992
2 37820  42.7643  31.2738 0014398 241.4129 270.0409 15.62541537266814
SPINSAT                 
1 40314U 98067FL  16145.19735903  .00023278  00000-0  14297-3 0  9994
2 40314  51.6335 141.1435 0004686 344.0581  16.0271 15.77133455136328
FLOCK 1E-4              
1 40724U 98067GG  16145.09872171  .00090267  14579-4  20564-3 0  9993
2 40724  51.6252 143.8675 0009900  24.2257  84.0400 15.97331876 49441
FLOCK 1E-3              
1 40725U 98067GH  16145.07628677  .00917302  47530-3  10513-2 0  9994
2 40725  51.6127 137.5558 0010925   0.5468 110.6236 16.08342127 49495
FLOCK 1E-7              
1 40726U 98067GJ  16145.15120510  .00142115  00000-0  49849-3 0  9992
2 40726  51.6318 147.3254 0008740  28.0516  61.4307 15.88231315 49250
FLOCK 1E-8              
1 40727U 98067GK  16145.08594145  .00158810  21088-4  38933-3 0  9998
2 40727  51.6280 143.0396 0010013  25.5801  88.0024 15.95696976 49295
FLOCK 1E-5              
1 40728U 98067GL  16145.08939270  .00241544  33438-4  65735-3 0  9990
2 40728  51.6204 146.0865 0011566  20.1559  89.1855 15.93586486 49264
FLOCK 1E-6              
1 40729U 98067GM  16145.16507113  .00099194  14793-4  31454-3 0  9993
2 40729  51.6301 144.4525 0009331  18.5038  32.3342 15.91091846 49303
FLOCK 1E-10             
1 40737U 98067GP  16145.04184333  .00081379  00000-0  32040-3 0  9994
2 40737  51.6313 148.2121 0007724  22.4115  11.9477 15.86116086 49224
FLOCK 1E-11             
1 40738U 98067GQ  16145.16896765  .00089380  00000-0  32161-3 0  9991
2 40738  51.6263 143.6950 0006515  22.8224  28.3350 15.87928667 49117
FLOCK 1E-12             
1 40739U 98067GR  16145.03783733  .00090787  00000-0  33668-3 0  9994
2 40739  51.6265 148.0442 0008569  16.9004  85.1787 15.87286984 49053
FLOCK 1E-13             
1 40740U 98067GS  16145.05582953  .00071409  00000-0  28905-3 0  9997
2 40740  51.6273 147.5500 0007473  36.3010   3.5928 15.85596699 49044
FLOCK 1E-14             
1 40741U 98067GT  16145.16323263  .00098439  00000-0  34319-3 0  9995
2 40741  51.6338 146.0151 0008860  23.6773  24.1265 15.88499205 49062
S-CUBE                  
1 40898U 98067GY  16145.18206174  .00034694  00000-0  24686-3 0  9990
2 40898  51.6333 161.4136 0004199  97.5704 262.5772 15.73505674 38947
SOYUZ-TMA 19M           
1 41124U 15076A   16142.61890315  .00003554  00000-0  59752-4 0  9997
2 41124  51.6423 190.5716 0001711 110.3581  38.3851 15.54662592 24585
PROGRESS-MS 01          
1 41177U 15080A   16142.61890315  .00003554  00000-0  59752-4 0  9990
2 41177  51.6423 190.5716 0001711 110.3581  38.3851 15.54662592 23694
AGGIESAT 4              
1 41313U 98067HP  16143.51121008  .00013823  00000-0  18125-3 0  9992
2 41313  51.6516 184.0997 0004626 104.6326 255.5181 15.58857932 17723
BEVO 2                  
1 41314U 98067HQ  16144.46132885  .00020988  00000-0  25121-3 0  9997
2 41314  51.6438 178.3871 0003979 102.1406 258.0043 15.60921750 17689
SOYUZ-TMA 20M           
1 41391U 16018A   16142.61890315  .00003554  00000-0  59752-4 0  9990
2 41391  51.6423 190.5716 0001711 110.3581  38.3851 15.54662592  9922
CYGNUS OA-6             
1 41393U 16019A   16142.61890315  .00003554  00000-0  59752-4 0  9993
2 41393  51.6423 190.5716 0001711 110.3581  38.3851 15.54662592  9261
PROGRESS-MS 02          
1 41436U 16022A   16142.61890315  .00003554  00000-0  59752-4 0  9995
2 41436  51.6423 190.5716 0001711 110.3581  38.3851 15.54662592  7942
MINXSS                  
1 41474U 98067HU  16145.11310079  .00025870  00000-0  37369-3 0  9992
2 41474  51.6431 178.0782 0003316  61.5809  41.3033 15.55766426  1188
CADRE                   
1 41475U 98067HV  16145.11292704  .00035796  00000-0  51133-3 0  9990
2 41475  51.6427 178.0722 0003699  39.1035  64.1734 15.55894273  1187
STMSAT-1                
1 41476U 98067HW  16145.24007137  .00025485  00000-0  36849-3 0  9990
2 41476  51.6423 177.4428 0003600  30.7139  62.6203 15.55747902  1117
NODES 1                 
1 41477U 98067HX  16145.23929538  .00018873  00000-0  27610-3 0  9997
2 41477  51.6440 177.4503 0003402  32.6441  54.5171 15.55631473  1117
NODES 2                 
1 41478U 98067HY  16145.11373405  .00018643  00000-0  27308-3 0  9990
2 41478  51.6425 178.0782 0003360  35.2702  67.7788 15.55607265  1098
FLOCK HZ                
1 41479U 98067HZ  16145.11438247  .00011563  00000-0  17282-3 0  9991
2 41479  51.6429 178.0821 0002000 238.3210 224.9519 15.55505053  1054
FLOCK JA                
1 41480U 98067JA  16145.11449713  .00011781  00000-0  17590-3 0  9997
2 41480  51.6419 178.0772 0003169 335.8640 127.8809 15.55510562  1051
FLOCK JB                
1 41481U 98067JB  16145.11456698  .00015123  00000-0  22401-3 0  9999
2 41481  51.6397 178.0765 0001078 298.5380 164.5984 15.55476091  1030
FLOCK JC                
1 41482U 98067JC  16145.11462720  .00009593  00000-0  14490-3 0  9996
2 41482  51.6418 178.0875 0001671 239.3496 223.9617 15.55448268  1035
FLOCK JD                
1 41483U 98067ID  16144.46856135  .00018817  00000-0  27680-3 0  9995
2 41483  51.6428 181.3097 0003785  14.1473  67.9174 15.55481271   801
FLOCK JE                
1 41484U 98067JE  16145.10076125  .00025660  00000-0  37371-3 0  9993
2 41484  51.6420 178.1534 0002782  18.2144   6.3553 15.55548997   908
1998-067JF              
1 41485U 98067JF  16145.10095625  .00019620  00000-0  28809-3 0  9995
2 41485  51.6416 178.1569 0001549 330.4435  54.2934 15.55503835   866
1998-067JG              
1 41486U 98067JG  16145.10241778  .00017863  00000-0  26377-3 0  9993
2 41486  51.6368 178.1618 0001150 127.5289 264.4188 15.55421081   934
FLOCK JH                
1 41487U 98067JH  16145.17471542  .00024196  00000-0  35386-3 0  9992
2 41487  51.6439 177.7962 0003480  54.5158  22.6761 15.55470408   942
1998-067JJ              
1 41488U 98067JJ  16145.11455147  .00024565  00000-0  35793-3 0  9992
2 41488  51.6421 178.0834 0001322 316.3624 145.2004 15.55564020   863
1998-067JK              
1 41489U 98067JK  16145.17436010 -.00053251  00000-0 -76701-3 0  9997
2 41489  51.6401 177.7889 0002583 305.8893 130.1525 15.55357877   129
1998-067JL              
1 41490U 98067JL  16145.11465329  .00025098  00000-0  36542-3 0  9993
2 41490  51.6422 178.0831 0001642 343.1992 118.7218 15.55571207   862
